2015001 123001 86
2015001 123002 75
2015001 123003 69
2015002 123001 77
2015002 123002 99
2015002 123003 98
2015003 123001 98
2015003 123002 95
2015003 123003 94
2015004 123001 84
2015004 123002 61
2015004 123003 89
2015005 123001 67
2015005 123002 97
2015005 123003 86
2015006 123001 75
2015006 123002 74
2015006 123003 84
2015007 123001 71
2015007 123002 56
2015007 123003 91
2015008 123001 84
2015008 123002 85
2015008 123003 83
2015009 123001 81
2015009 123002 64
2015009 123003 92
2015010 123001 87
2015010 123002 78
2015010 123003 74
2015011 123001 85
2015011 123002 97
2015011 123003 99
2015012 123001 86
2015012 123002 87
2015012 123003 82
2015013 123001 63
2015013 123002 75
2015013 123003 71
2015014 123001 82
2015014 123002 77
2015014 123003 61
2015015 123001 80
2015015 123002 78
2015015 123003 68
